[LEFT_CAM_2K]
fx=1063.15
fy=1062.74
cx=1113.74
cy=617.966
k1=-0.0441216
k2=0.013556
k3=-0.00608991
p1=0.000169765
p2=-0.000428872

[RIGHT_CAM_2K]
fx=1059.01
fy=1058.77
cx=1109.53
cy=659.039
k1=-0.0417553
k2=0.0103753
k3=-0.00497144
p1=-0.000148885
p2=-0.000232351

[LEFT_CAM_FHD]
fx=1063.15
fy=1062.74
cx=969.74
cy=536.966
k1=-0.0441216
k2=0.013556
k3=-0.00608991
p1=0.000169765
p2=-0.000428872

[RIGHT_CAM_FHD]
fx=1059.01
fy=1058.77
cx=965.53
cy=578.039
k1=-0.0417553
k2=0.0103753
k3=-0.00497144
p1=-0.000148885
p2=-0.000232351

[LEFT_CAM_HD]
fx=531.575
fy=531.37
cx=643.37
cy=356.983
k1=-0.0441216
k2=0.013556
k3=-0.00608991
p1=0.000169765
p2=-0.000428872

[RIGHT_CAM_HD]
fx=529.505
fy=529.385
cx=641.265
cy=377.5195
k1=-0.0417553
k2=0.0103753
k3=-0.00497144
p1=-0.000148885
p2=-0.000232351

[LEFT_CAM_VGA]
fx=265.7875
fy=265.685
cx=337.185
cy=185.9915
k1=-0.0441216
k2=0.013556
k3=-0.00608991
p1=0.000169765
p2=-0.000428872

[RIGHT_CAM_VGA]
fx=264.7525
fy=264.6925
cx=336.1325
cy=196.25975
k1=-0.0417553
k2=0.0103753
k3=-0.00497144
p1=-0.000148885
p2=-0.000232351

[STEREO]
Baseline=119.985
TY=-0.276404
TZ=-0.0176019
CV_2K=-0.000373444
CV_FHD=-0.000373444
CV_HD=-0.000373444
CV_VGA=-0.000373444
RX_2K=0.00814319
RX_FHD=0.00814319
RX_HD=0.00814319
RX_VGA=0.00814319
RZ_2K=0.00133018
RZ_FHD=0.00133018
RZ_HD=0.00133018
RZ_VGA=0.00133018

